票面:
	(0, 0)--(2015, 950)
	
机器编号、号码：
	(170, -100)--(320, -50)
	(170, -50)--(460, 0)
	
开票日期：
	(1670, -80)--(1950, -30)
	(1800, -120)--(2000, -80)
	(1840, -160)--(2000, -120)

购方单位：
	(340, 0)--(1160, 220)
	
密码区：
	(1240, 0)--(2010, 220)
	
商品明细区：(h = 40)
	(10, 280)--(505, 600)
	(540, 280)--(765, 600)
	(790, 280)--(893, 600)
	(918, 280)--(1100, 600)
	(1120, 280)--(1300, 600)
	(1320, 280)--(1603, 600)
	(1625, 280)--(1710, 600)
	(1730, 280)--(2010, 600)
	
合计金额税额：
	(1320, 610)--(1603, 662)
	(1730, 610)--(2010, 662)
	
加税合计大小写：
	(550, 665)--(1400, 745)
	(1600, 665)--(2010, 745)
	
销货单位：
	(340, 750)--(1160, 950)
	(1240, 750)--(2200, 950)
	
票底：
	(190,950)--(530, 100)
	(710,950)--(980, 100)
	(1180,950)--(1400, 100)